-1  425  3  425  
-1  449  3  449  
0  452  3  452  
-1  461  3  461  
-1  480  2  480  
-1  484  3  484  
0  0  0  0  
---------------------------------------
1  409  7  409  
1  419  7  419  
1  424  0  424  
1  436  2  436  
-1  440  7  440  
-1  448  0  448  
-1  451  0  451  
1  459  0  459  
-1  469  2  469  
1  473  0  473  
0  0  0  0  
---------------------------------------
-1  408  1  408  
-1  418  1  418  
-1  428  5  428  
-1  446  1  446  
-1  456  0  456  
2  470  5  470  
2  481  1  481  
0  0  0  0  
---------------------------------------
-1  414  8  414  
3  426  4  426  
3  450  4  450  
3  453  4  453  
-1  454  4  454  
-1  460  4  460  
3  462  8  462  
3  466  8  466  
3  485  4  485  
0  0  0  0  
---------------------------------------
-1  404  5  404  
4  406  5  406  
4  417  3  417  
4  427  6  427  
-1  443  5  443  
4  455  6  455  
4  465  3  465  
0  0  0  0  
---------------------------------------
5  407  2  407  
5  429  12  429  
5  444  12  444  
-1  447  10  447  
5  471  12  471  
0  0  0  0  
---------------------------------------
6  403  4  403  
-1  405  4  405  
-1  416  4  416  
-1  434  7  434  
-1  439  4  439  
-1  457  7  457  
-1  464  4  464  
0  0  0  0  
---------------------------------------
-1  402  6  402  
7  410  9  410  
7  420  9  420  
-1  423  1  423  
7  435  1  435  
7  441  6  441  
7  458  1  458  
-1  472  1  472  
0  0  0  0  
---------------------------------------
-1  412  11  412  
8  415  13  415  
-1  433  13  433  
8  438  11  438  
8  463  13  463  
8  467  11  467  
0  0  0  0  
---------------------------------------
9  411  10  411  
-1  421  10  421  
-1  442  10  442  
-1  468  10  468  
9  475  11  475  
9  477  11  477  
-1  482  11  482  
0  0  0  0  
---------------------------------------
10  422  5  422  
-1  474  9  474  
0  0  0  0  
---------------------------------------
11  413  12  413  
-1  431  12  431  
-1  478  8  478  
11  483  8  483  
0  0  0  0  
---------------------------------------
12  401  5  401  
12  430  11  430  
12  432  5  432  
12  445  13  445  
-1  479  11  479  
0  0  0  0  
---------------------------------------
-1  400  12  400  
-1  437  8  437  
-1  476  9  476  
0  0  0  0  
---------------------------------------
